0 0.44471153846153844 0.546875 0.0673076923076923 0.1466346153846154
0 0.42908653846153844 0.7560096153846154 0.0889423076923077 0.15625
0 0.6262019230769231 0.5204326923076923 0.06009615384615385 0.09855769230769230 0.5492788461538461 0.5420673076923077 0.12259615384615384 0.33413461538461536
0 0.5228365384615384 0.47596153846153844 0.09375 0.16826923076923078
0 0.5 0.5048076923076923 0.0673076923076923 0.15384615384615385
0 0.4483173076923077 0.5600961538461539 0.06971153846153846 0.18269230769230768
0 0.5444711538461539 0.5600961538461539 0.0889423076923077 0.27884615384615385
0 0.48677884615384615 0.4519230769230769 0.06009615384615385 0.16346153846153846
0 0.5012019230769231 0.5192307692307693 0.07932692307692307 0.11057692307692307
0 0.4543269230769231 0.5420673076923077 0.08653846153846154 0.1466346153846154
0 0.5408653846153846 0.5396634615384616 0.14903846153846154 0.2620192307692308
0 0.5036057692307693 0.49278846153846156 0.05048076923076923 0.18269230769230768
0 0.4387019230769231 0.5192307692307693 0.08413461538461539 0.17307692307692307
0 0.42788461538461536 0.7512019230769231 0.14423076923076922 0.1658653846153846
0 0.6262019230769231 0.5096153846153846 0.09375 0.11057692307692307
0 0.44350961538461536 0.5348557692307693 0.0889423076923077 0.13221153846153846
0 0.6165865384615384 0.4987980769230769 0.06971153846153846 0.09375
0 0.4387019230769231 0.5384615384615384 0.06971153846153846 0.16826923076923078
0 0.42427884615384615 0.7451923076923077 0.11778846153846154 0.16826923076923078
