0 0.5408653846153846 0.5733173076923077 0.057692307692307696 0.28125
0 0.8569711538461539 0.6021634615384616 0.0889423076923077 0.31490384615384615
0 0.8798076923076923 0.3918269230769231 0.07211538461538461 0.105769230769230770 0.5492788461538461 0.5420673076923077 0.12259615384615384 0.33413461538461536
0 0.5228365384615384 0.47596153846153844 0.09375 0.16826923076923078
0 0.5 0.5048076923076923 0.0673076923076923 0.15384615384615385
0 0.5444711538461539 0.5600961538461539 0.0889423076923077 0.27884615384615385
0 0.48677884615384615 0.4519230769230769 0.06009615384615385 0.16346153846153846
0 0.5012019230769231 0.5192307692307693 0.07932692307692307 0.11057692307692307
0 0.5408653846153846 0.5396634615384616 0.14903846153846154 0.2620192307692308
0 0.5036057692307693 0.49278846153846156 0.05048076923076923 0.18269230769230768
0 0.5120192307692307 0.5492788461538461 0.1778846153846154 0.3918269230769231
0 0.8689903846153846 0.5745192307692307 0.06971153846153846 0.3125
0 0.8882211538461539 0.38221153846153844 0.05048076923076923 0.07692307692307693
0 0.5492788461538461 0.5612980769230769 0.13701923076923078 0.3389423076923077
0 0.8665865384615384 0.5853365384615384 0.15625 0.29086538461538464
0 0.8870192307692307 0.3870192307692308 0.12980769230769232 0.09134615384615384
