0 0.3870192307692308 0.2932692307692308 0.0625 0.125
0 0.5108173076923077 0.25961538461538464 0.055288461538461536 0.06730769230769230 0.3762019230769231 0.27283653846153844 0.08413461538461539 0.10817307692307693
0 0.40024038461538464 0.29086538461538464 0.07451923076923077 0.1201923076923077
0 0.5492788461538461 0.5420673076923077 0.12259615384615384 0.33413461538461536
0 0.5228365384615384 0.47596153846153844 0.09375 0.16826923076923078
0 0.5 0.5048076923076923 0.0673076923076923 0.15384615384615385
0 0.38822115384615385 0.26802884615384615 0.09375 0.10817307692307693
0 0.37740384615384615 0.296875 0.08173076923076923 0.11298076923076923
0 0.4483173076923077 0.5600961538461539 0.06971153846153846 0.18269230769230768
0 0.5444711538461539 0.5600961538461539 0.0889423076923077 0.27884615384615385
0 0.48677884615384615 0.4519230769230769 0.06009615384615385 0.16346153846153846
0 0.5012019230769231 0.5192307692307693 0.07932692307692307 0.11057692307692307
0 0.3894230769230769 0.2776442307692308 0.07692307692307693 0.14182692307692307
0 0.4543269230769231 0.5420673076923077 0.08653846153846154 0.1466346153846154
0 0.5408653846153846 0.5396634615384616 0.14903846153846154 0.2620192307692308
0 0.5036057692307693 0.49278846153846156 0.05048076923076923 0.18269230769230768
0 0.38341346153846156 0.26802884615384615 0.0985576923076923 0.11778846153846154
0 0.38221153846153844 0.30528846153846156 0.09615384615384616 0.14423076923076922
0 0.3894230769230769 0.29086538461538464 0.09134615384615384 0.11538461538461539
1 0.3942307692307692 0.2932692307692308 0.09134615384615384 0.125
